4651443534255900684
4651400631826913056
4651431641491338174
4651405227442005332
4651405356291026024
4651398574537547792
4651400945359531473
4651429536957345376
4651425113140955556
4651397582400089775
4651427475373014008
4651444010997278838
4651399605329712516
4651398965379577618
4651398922429903928
4651403810102773853
4651401276072019404
4651397625349763470
4651443534255900680
4651398574537547700
4651400464323185640
4651398918134936532
4651403938951795040
4651431993678659561
4651437826244299208
4651398995444349024
4651429713051005979
4651398913839969032
4651411369245353368
4651405446485340365
4651438942935806340
4651409750042654119
4651400374128870852
4651397797148457173
4651400588877239344
4651398866595327684
4651404591786835472
4651401276072019440
4651400975424303208
4651424988586901879
4651442331665040040
4651398913839968940
4651402869504919236
4651425297824552645
4651400464323185649
4651402315454127180
4651397840098130709
4651436666603118898
4651401288956921580
4651398918134936468
4651400597467174148
4651426573429864026
4651425293529585209
4651429713051005998
4651398617487221400
4651398961084610276
4651398956789642836
4651442426154322168
4651444053946952489
4651427913459685392
4651425628537040158
4651429541252312760
4651401280366986756
4651399257437357424
4651399214487684005
4651399046983957400
4651429665806365398
4651411373540320824
4651443534255900672
4651398952494675400
4651397578105122432
4651437435402271756
4651398922429903852
4651401284661954140
4651442902895697749
4651411369245353408
4651429536957345392
4651398961084610220
4651404033441077328
4651443538550868132
4651443542845835544
4651398956789642845
4651398583127482544
4651442859946024345
4651398578832515124
4651398922429903888
4651443547140802972
4651426277077114371
4651400374128870844
4651398583127482520
4651398617487221356
4651398922429903884
4651441528506145669
4651405188787299089
4651429536957345360
4651399472185724841
4651399175832977824
4651444058241919933
4651397754198783724
4651398531587874272
4651398870890295044
4651398875185262536
4651398570242580376
4651443242198119766
4651397968947150947
4651397925997477551
4651398875185262452
4651400588877239340
4651400163675469333
4651409784402393016
4651399128588336968
4651398570242580390
4651436670898086272
4651398866595327648
4651398926724871264
4651430533389766240
4651398570242580374
4651405356291026028
4651397590990024584
4651436670898086228
4651410123704816306
4651400975424303184
4651400159380502013
4651400159380501984
4651432285736438110
4651398965379577680
4651398909545001632
4651397586695057129
4651401284661954184
4651405970471358132
4651398574537547696
4651401615374442553
4651398578832515104
4651404587491868056
4651427475373013940
4651436670898086312
4651401280366986788
4651400588877239384
4651398961084610188
4651397664004469603
4651428381611127688
4651435635810959980
4651398995444349036
4651400159380501924
4651409694208078092
4651400502977891944
4651397595284991959
4651400597467174196
4651411373540320944
4651401619669409900
4651425942069658689
4651425113140955561
4651443538550868020
4651442559298309849
4651397964652183627
4651398656141927551
4651400374128870848
4651398931019838640
4651397638234665508
4651398918134936460
4651398965379577676
4651443538550868040
4651437491236846965
4651437057445146550
4651399046983957428
4651401619669409896
4651398926724871310
4651427479667981384
4651427475373013956
4651398574537547752
4651398918134936364
4651406137975085658
4651400374128870864
4651400588877239324
4651436675193053676
4651398913839969020
4651427483962948844
4651438255741032668
4651397582400089753
4651427475373013960
4651397968947150961
4651400597467174168
4651436623653445642
4651443160593739722
4651398965379577589
4651427479667981476
4651401963266800998
4651437018790440547
4651405966176390756
4651399132883304324
4651432199837091462
4651399124293369586
4651437401042533144
4651400378423838220
4651438217086326644
4651398866595327654
4651398965379577580
4651438212791359246
4651401280366986800
4651432418880425639
4651401284661954244
4651398664731862254
4651438217086326652
4651398441393559852
4651442331665040026
4651427088825949988
4651427131775623698
4651411377835288312
4651398922429903960
4651404067800816423
4651399046983957468
4651398999739316384
4651401920317127102
4651409565359057109
4651399472185724848
4651398449983494636
4651398999739316456
4651397840098130664
4651398488638200840
4651438899986133076
4651398621782188740
4651401581014703413
4651400588877239448
4651398574537547776
4651399042688990032
4651438212791359290
4651401877367453236
4651399051278924808
4651401280366986832
4651397586695057162
4651398956789642764
4651398918134936508
4651436537754099164
4651398578832515156
4651443538550868156
4651399051278924804
4651398501523102908
4651441133369149655
4651397797148457165
4651400631826913101
4651398952494675384
4651432199837091470
4651436675193053692
4651400631826913096
4651397578105122428
4651411369245353412
4651437748934886975
4651443199248446028
4651398355494212912
4651438217086326608
4651400717726260681
4651438942935806356
4651431078850617528
4651398913839968996
4651400674776586792
4651398913839969028
4651400975424303188
4651405871687108679
4651401619669409868
4651398574537547800
4651401284661954196
4651443585795509392
4651401671209018525
4651405055643310316
4651398574537547788
4651400588877239400
4651398660436894940
4651399132883304305
4651398913839968936
4651399175832977813
4651400545927565627
4651405137247690661
4651429970749046203
4651398926724871312
4651400374128870740
4651400588877239328
4651399128588336940
4651400588877239424
4651429541252312776
4651406004831097064
4651436713847759632
4651429541252312724
4651400155085534557
4651438942935806338
4651398011896824377
4651399085638663522
4651401529475094915
4651399051278924792
4651438899986133064
4651397930292444919
4651401619669409872
4651399128588336917
4651434690918146367
4651401486525421179
4651399738473700756
4651398613192253972
4651398888070164778
4651400374128870868
4651442374614713852
4651427518322687948
4651438221381294008
4651435683055600476
4651401280366986784
4651443534255900704
4651411322000712340
4651400378423838256
4651397852983032821
4651404673391215062
4651437353797892624
4651399089933630856
4651397586695057150
4651397590990024644
4651442335960007466
4651398961084610181
4651397840098130732
4651398441393559828
4651438212791359280
4651405450780307701
4651436675193053648
4651432204132058778
4651443585795509381
4651398913839969024
4651400163675469408
4651438942935806348
4651444526393363308
4651436670898086324
4651398913839969012
4651400374128870832
4651405356291026033
4651399081343696122
4651398913839969000
4651398578832515130
4651429966454078840
4651399515135398260
4651400588877239420
4651400374128870804
4651401280366986824
4651399128588336936
4651399085638663543
4651400593172206816
4651398578832515140
4651399214487683961
4651401276072019448
4651399038394022604
4651398956789642810
4651399476480692168
4651443585795509347
4651437697395278996
4651409698503045488
4651444053946952482
4651398870890295132
4651442344549942318
4651397925997477542
4651398961084610280
4651404969743963281
4651436670898086254
4651398570242580368
4651442469103995682
4651398574537547728
4651436623653445633
4651444277285255981
4651400674776586808
4651429541252312718
4651398574537547796
4651398875185262604
4651444015292246156
4651435073170238945
4651404591786835450
4651400588877239336
4651398913839968980
4651405141542658043
4651438221381294020
4651400975424303176
4651398926724871272
4651427479667981334
4651427088825949992
4651401529475094938
4651398918134936464
4651403814397741314
4651401280366986768
4651401284661954252
4651444023882180870
4651401284661954272
4651431083145584859
4651404239599510725
4651401288956921592
4651399081343696134